Local bound: 8.000000

Round 1 of the see-saw.
Local bound of bell inequality: 8.000000
Starting visibility: 0.087061
iter=1, channelq=~, bellineqvalue=8.799019, localbound=8.000000 abschangeobjval=1.00001e+06
iter=2, partyidx=1, bellineqvalue=11.360645, localbound=8.000000, abschangeobjval=2.56163
iter=3, partyidx=2, bellineqvalue=13.064683, localbound=8.000000, abschangeobjval=1.70404
iter=4, partyidx=3, bellineqvalue=13.076673, localbound=8.000000, abschangeobjval=0.0119894
iter=5, channelq=~, bellineqvalue=13.076673, localbound=8.000000 abschangeobjval=9.05108e-07
Local maximum: 0.388224
Best of 3: 0.388224
clear all
Chained3322_visibility
Local bound: 8.000000

Round 1 of the see-saw.
Local bound of bell inequality: 8.000000
{Unrecognized function or variable 'channel'.

Error in <a href="matlab:matlab.internal.language.introspective.errorDocCallback('Chained3322_visibility', 'C:\Users\embog\OneDrive - ICFO\Projects\Hidden nonlocality\Code\broadcast2\scripts\Chained3322_visibility.m', 78)" style="font-weight:bold">Chained3322_visibility</a> (<a href="matlab: opentoline('C:\Users\embog\OneDrive - ICFO\Projects\Hidden nonlocality\Code\broadcast2\scripts\Chained3322_visibility.m',78,0)">line 78</a>)
        p_entangled = ProbMultidimArray(final_state(NoisyWernerState(0), channel), POVMs);
} 
<a href="matlab: opentoline('C:\Users\embog\OneDrive - ICFO\Projects\Hidden nonlocality\Code\broadcast2\scripts\Chained3322_visibility.m',78,1)">78  </a>        p_entangled = ProbMultidimArray(final_state(NoisyWernerState(0), channel), POVMs);
channel
{Unrecognized function or variable 'channel'.
} 
<a href="matlab: opentoline('C:\Users\embog\OneDrive - ICFO\Projects\Hidden nonlocality\Code\broadcast2\scripts\Chained3322_visibility.m',78,1)">78  </a>        p_entangled = ProbMultidimArray(final_state(NoisyWernerState(0), channel), POVMs);
if system_dependent('IsDebugMode')==1, dbquit all; end
Chained3322_visibility
{Operation terminated by user during <a href="matlab:matlab.internal.language.introspective.errorDocCallback('sdpvar/mtimes', 'C:\Program Files\MATLAB\YALMIP-master\@sdpvar\mtimes.m', 32)" style="font-weight:bold"> * </a> (<a href="matlab: opentoline('C:\Program Files\MATLAB\YALMIP-master\@sdpvar\mtimes.m',32,0)">line 32</a>)


In <a href="matlab:matlab.internal.language.introspective.errorDocCallback('ClassicalOptInequality_fromLPBroadcast', 'C:\Users\embog\OneDrive - ICFO\Projects\Hidden nonlocality\Code\broadcast2\functions\ClassicalOptInequality_fromLPBroadcast.m', 138)" style="font-weight:bold">ClassicalOptInequality_fromLPBroadcast</a> (<a href="matlab: opentoline('C:\Users\embog\OneDrive - ICFO\Projects\Hidden nonlocality\Code\broadcast2\functions\ClassicalOptInequality_fromLPBroadcast.m',138,0)">line 138</a>)
                            * q{lam, xyz_cell{2:end}, abc_cell{2:end}};

In <a href="matlab:matlab.internal.language.introspective.errorDocCallback('Chained3322_visibility', 'C:\Users\embog\OneDrive - ICFO\Projects\Hidden nonlocality\Code\broadcast2\scripts\Chained3322_visibility.m', 18)" style="font-weight:bold">Chained3322_visibility</a> (<a href="matlab: opentoline('C:\Users\embog\OneDrive - ICFO\Projects\Hidden nonlocality\Code\broadcast2\scripts\Chained3322_visibility.m',18,0)">line 18</a>)
LBoundOurEBI = ClassicalOptInequality_fromLPBroadcast(bellcoeffs);
} 
clear all
Chained3322_visibility
Local bound: 8.000000

Round 1 of the see-saw.
Local bound of bell inequality: 8.000000
s·p(v=0)=-0.944214 s·p(v=1)=-0.000000 localbound=8.000000
Starting visibility: 1.000000
iter=1, channelq=~, bellineqvalue=7.729606, localbound=8.000000 abschangeobjval=1.00001e+06
iter=2, partyidx=1, bellineqvalue=11.244319, localbound=8.000000, abschangeobjval=3.51471
iter=3, partyidx=2, bellineqvalue=12.790873, localbound=8.000000, abschangeobjval=1.54655
iter=4, partyidx=3, bellineqvalue=12.887190, localbound=8.000000, abschangeobjval=0.0963164
iter=5, channelq=~, bellineqvalue=12.887190, localbound=8.000000 abschangeobjval=1.91931e-08
Local maximum: 0.379229
{Unrecognized function or variable 'MAX_ITER_META'.

Error in <a href="matlab:matlab.internal.language.introspective.errorDocCallback('Chained3322_visibility', 'C:\Users\embog\OneDrive - ICFO\Projects\Hidden nonlocality\Code\broadcast2\scripts\Chained3322_visibility.m', 111)" style="font-weight:bold">Chained3322_visibility</a> (<a href="matlab: opentoline('C:\Users\embog\OneDrive - ICFO\Projects\Hidden nonlocality\Code\broadcast2\scripts\Chained3322_visibility.m',111,0)">line 111</a>)
fprintf("Best of %d: %f\n", MAX_ITER_META, best_alpha);
} 
<a href="matlab: opentoline('C:\Users\embog\OneDrive - ICFO\Projects\Hidden nonlocality\Code\broadcast2\scripts\Chained3322_visibility.m',111,1)">111 </a>fprintf("Best of %d: %f\n", MAX_ITER_META, best_alpha);
if system_dependent('IsDebugMode')==1, dbquit all; end
uiopen('C:\Users\embog\OneDrive\DOCUME~1\MobaXterm\slash\RemoteFiles\200004_2_23\Chained3322_AS_INI.m',1)
RandomSuperoperator([4,8],1,0,0,5)

ans =

  Columns 1 through 8

   0.0902 + 0.0000i  -0.0154 - 0.0771i  -0.0520 - 0.0211i  -0.0256 - 0.0268i  -0.0194 + 0.0067i  -0.0552 + 0.0541i   0.0217 - 0.0482i  -0.0390 + 0.0496i
  -0.0154 + 0.0771i   0.1634 - 0.0000i   0.0334 + 0.0118i  -0.0322 - 0.0022i   0.0028 - 0.0125i  -0.0342 - 0.0247i   0.0175 + 0.0315i   0.0149 - 0.0665i
  -0.0520 + 0.0211i   0.0334 - 0.0118i   0.1297 + 0.0000i   0.0276 + 0.0545i  -0.0028 + 0.0329i   0.0347 - 0.0636i   0.0084 + 0.0256i   0.0047 - 0.0379i
  -0.0256 + 0.0268i  -0.0322 + 0.0022i   0.0276 - 0.0545i   0.0709 - 0.0000i  -0.0125 + 0.0081i   0.0038 - 0.0495i   0.0389 + 0.0449i  -0.0417 - 0.0059i
  -0.0194 - 0.0067i   0.0028 + 0.0125i  -0.0028 - 0.0329i  -0.0125 - 0.0081i   0.1766 + 0.0000i   0.0227 - 0.0308i  -0.0611 - 0.0139i   0.0362 - 0.0044i
  -0.0552 - 0.0541i  -0.0342 + 0.0247i   0.0347 + 0.0636i   0.0038 + 0.0495i   0.0227 + 0.0308i   0.0954 + 0.0000i  -0.0425 + 0.0302i   0.0262 - 0.0181i
   0.0217 + 0.0482i   0.0175 - 0.0315i   0.0084 - 0.0256i   0.0389 - 0.0449i  -0.0611 + 0.0139i  -0.0425 - 0.0302i   0.1550 - 0.0000i  -0.0231 + 0.0291i
  -0.0390 - 0.0496i   0.0149 + 0.0665i   0.0047 + 0.0379i  -0.0417 + 0.0059i   0.0362 + 0.0044i   0.0262 + 0.0181i  -0.0231 - 0.0291i   0.1188 + 0.0000i
   0.0476 + 0.0158i  -0.0023 - 0.0678i   0.0043 + 0.0123i   0.0022 - 0.0305i  -0.0555 - 0.0009i  -0.0324 - 0.0009i   0.1434 - 0.0375i  -0.0104 + 0.0429i
  -0.0415 + 0.0612i   0.0328 + 0.0592i   0.0409 - 0.0246i   0.0209 - 0.0102i  -0.0153 - 0.0339i  -0.0281 - 0.0710i  -0.0263 + 0.0003i  -0.0310 - 0.0445i
   0.0078 + 0.0090i  -0.0168 + 0.0141i  -0.0258 - 0.0142i  -0.0040 - 0.0383i   0.0323 + 0.0117i  -0.0141 - 0.0088i   0.0096 - 0.0594i  -0.0017 + 0.0057i
  -0.0239 - 0.0348i  -0.0899 - 0.0177i   0.0080 + 0.0106i   0.0452 + 0.0329i   0.0059 + 0.0270i   0.0724 - 0.0055i  -0.0223 + 0.0240i  -0.0483 - 0.0096i
   0.0465 + 0.0155i   0.0188 + 0.0017i  -0.0569 - 0.0194i  -0.0034 - 0.0499i  -0.0098 - 0.0267i  -0.0573 + 0.0134i   0.0625 + 0.0328i  -0.0014 + 0.0705i
   0.0277 - 0.0067i  -0.0352 - 0.0542i  -0.0094 - 0.0496i   0.0034 + 0.0173i   0.0750 - 0.0899i  -0.0221 - 0.0118i  -0.0303 + 0.0272i  -0.0112 + 0.0160i
   0.0761 - 0.0112i   0.0651 - 0.0571i  -0.0490 + 0.0401i  -0.0723 + 0.0070i  -0.0403 + 0.0267i  -0.0304 + 0.0970i  -0.0412 - 0.0080i  -0.0102 + 0.0170i
  -0.0540 + 0.0289i   0.0227 + 0.0125i   0.0607 - 0.0195i   0.0417 + 0.0394i   0.0230 - 0.0155i   0.0299 - 0.0582i  -0.0316 + 0.0797i  -0.0267 - 0.0471i
  -0.0151 - 0.0060i  -0.0057 + 0.0439i   0.0240 + 0.0359i   0.0046 - 0.0064i   0.0070 + 0.0188i   0.0216 - 0.0283i   0.0018 + 0.0340i  -0.0082 + 0.0509i
  -0.0247 - 0.0158i   0.0186 + 0.0957i  -0.0307 + 0.0080i  -0.0200 - 0.0342i   0.0087 + 0.0679i   0.0026 + 0.0224i  -0.0360 - 0.0358i   0.0568 + 0.0090i
   0.0290 - 0.0269i  -0.0103 - 0.0481i  -0.0141 - 0.0240i  -0.0292 + 0.0156i   0.0484 - 0.0161i  -0.0114 + 0.0361i  -0.0327 - 0.0380i   0.0349 - 0.0048i
  -0.0201 - 0.0049i  -0.0190 - 0.0050i   0.0113 - 0.0073i   0.0099 + 0.0054i   0.0410 - 0.0010i   0.0228 - 0.0184i   0.0009 - 0.0182i   0.0104 - 0.0228i
   0.0093 + 0.0067i  -0.0451 - 0.0216i  -0.0400 - 0.0303i   0.0597 - 0.0179i   0.0026 + 0.0210i   0.0168 - 0.0057i   0.0489 + 0.0670i  -0.0633 + 0.0281i
  -0.0258 + 0.0461i   0.0849 - 0.0726i   0.0900 + 0.0581i  -0.0062 + 0.0729i  -0.0981 - 0.0590i   0.0164 - 0.0252i   0.0299 + 0.0395i  -0.0334 - 0.1062i
   0.0158 - 0.0677i  -0.1156 - 0.0028i   0.0315 + 0.0082i   0.0161 + 0.0140i  -0.0055 + 0.0474i   0.0312 + 0.0068i  -0.0014 - 0.0258i   0.0027 + 0.0928i
   0.0146 - 0.0178i  -0.0221 - 0.0088i  -0.0350 + 0.0266i  -0.0186 + 0.0320i  -0.1235 - 0.0769i  -0.0200 + 0.0534i  -0.0447 - 0.0015i  -0.0169 - 0.0413i
  -0.0410 + 0.0157i  -0.0288 + 0.0943i   0.0023 - 0.0218i   0.0429 - 0.0175i  -0.0489 - 0.0182i  -0.0126 - 0.0414i  -0.0150 + 0.0367i  -0.0167 + 0.0108i
  -0.0122 + 0.0351i   0.0487 - 0.0494i   0.0064 - 0.0512i   0.0025 + 0.0333i   0.0845 - 0.0573i  -0.0036 - 0.0184i  -0.0612 + 0.0349i  -0.0149 - 0.0853i
   0.0043 + 0.0045i   0.0399 - 0.0100i   0.0341 + 0.0283i  -0.0171 + 0.0015i   0.0081 + 0.0331i   0.0067 - 0.0062i   0.0281 + 0.0021i   0.0142 + 0.0208i
  -0.0139 + 0.0226i   0.0118 - 0.0427i   0.0177 + 0.0028i   0.0323 + 0.0246i  -0.0168 - 0.0362i   0.0191 - 0.0240i   0.0402 + 0.0654i  -0.0378 - 0.0343i
  -0.0369 - 0.0387i   0.0002 + 0.0346i   0.0109 + 0.1251i  -0.0217 + 0.0367i  -0.0785 - 0.0095i   0.0711 + 0.0188i  -0.0064 + 0.0415i   0.0063 - 0.0116i
   0.0448 + 0.0508i   0.0352 - 0.0639i  -0.0457 - 0.0611i  -0.0144 - 0.0306i   0.0830 - 0.0468i  -0.0543 - 0.0057i  -0.0073 - 0.0348i  -0.0366 - 0.0324i
  -0.0112 - 0.0633i  -0.0256 + 0.0274i  -0.0026 + 0.0957i  -0.0446 + 0.0198i   0.0024 - 0.0415i   0.0454 + 0.0198i  -0.0107 + 0.0070i   0.0557 + 0.0388i
  -0.0437 - 0.0129i   0.0726 + 0.0182i   0.0736 + 0.1225i  -0.0455 + 0.0308i  -0.0270 - 0.0130i   0.0505 - 0.0209i   0.0554 + 0.0145i   0.0694 - 0.0110i

  Columns 9 through 16

   0.0476 - 0.0158i  -0.0415 - 0.0612i   0.0078 - 0.0090i  -0.0239 + 0.0348i   0.0465 - 0.0155i   0.0277 + 0.0067i   0.0761 + 0.0112i  -0.0540 - 0.0289i
  -0.0023 + 0.0678i   0.0328 - 0.0592i  -0.0168 - 0.0141i  -0.0899 + 0.0177i   0.0188 - 0.0017i  -0.0352 + 0.0542i   0.0651 + 0.0571i   0.0227 - 0.0125i
   0.0043 - 0.0123i   0.0409 + 0.0246i  -0.0258 + 0.0142i   0.0080 - 0.0106i  -0.0569 + 0.0194i  -0.0094 + 0.0496i  -0.0490 - 0.0401i   0.0607 + 0.0195i
   0.0022 + 0.0305i   0.0209 + 0.0102i  -0.0040 + 0.0383i   0.0452 - 0.0329i  -0.0034 + 0.0499i   0.0034 - 0.0173i  -0.0723 - 0.0070i   0.0417 - 0.0394i
  -0.0555 + 0.0009i  -0.0153 + 0.0339i   0.0323 - 0.0117i   0.0059 - 0.0270i  -0.0098 + 0.0267i   0.0750 + 0.0899i  -0.0403 - 0.0267i   0.0230 + 0.0155i
  -0.0324 + 0.0009i  -0.0281 + 0.0710i  -0.0141 + 0.0088i   0.0724 + 0.0055i  -0.0573 - 0.0134i  -0.0221 + 0.0118i  -0.0304 - 0.0970i   0.0299 + 0.0582i
   0.1434 + 0.0375i  -0.0263 - 0.0003i   0.0096 + 0.0594i  -0.0223 - 0.0240i   0.0625 - 0.0328i  -0.0303 - 0.0272i  -0.0412 + 0.0080i  -0.0316 - 0.0797i
  -0.0104 - 0.0429i  -0.0310 + 0.0445i  -0.0017 - 0.0057i  -0.0483 + 0.0096i  -0.0014 - 0.0705i  -0.0112 - 0.0160i  -0.0102 - 0.0170i  -0.0267 + 0.0471i
   0.1764 + 0.0000i  -0.0542 + 0.0235i   0.0144 + 0.0435i  -0.0219 + 0.0015i   0.0518 - 0.0748i  -0.0080 - 0.0211i  -0.0218 - 0.0252i  -0.0623 - 0.0534i
  -0.0542 - 0.0235i   0.1392 + 0.0000i   0.0198 - 0.0301i  -0.0158 - 0.0637i  -0.0460 + 0.0703i  -0.0192 + 0.0069i  -0.0542 + 0.1159i   0.0458 - 0.0007i
   0.0144 - 0.0435i   0.0198 + 0.0301i   0.0464 + 0.0000i   0.0037 - 0.0248i  -0.0116 - 0.0058i  -0.0091 + 0.0168i  -0.0348 + 0.0395i  -0.0257 - 0.0023i
  -0.0219 - 0.0015i  -0.0158 + 0.0637i   0.0037 + 0.0248i   0.1212 + 0.0000i  -0.0596 + 0.0262i  -0.0033 - 0.0021i  -0.0558 - 0.0829i   0.0322 + 0.0219i
   0.0518 + 0.0748i  -0.0460 - 0.0703i  -0.0116 + 0.0058i  -0.0596 - 0.0262i   0.1155 + 0.0000i   0.0287 - 0.0302i   0.0419 + 0.0250i  -0.0328 - 0.0695i
  -0.0080 + 0.0211i  -0.0192 - 0.0069i  -0.0091 - 0.0168i  -0.0033 + 0.0021i   0.0287 + 0.0302i   0.1336 + 0.0000i  -0.0179 - 0.0265i   0.0167 - 0.0235i
  -0.0218 + 0.0252i  -0.0542 - 0.1159i  -0.0348 - 0.0395i  -0.0558 + 0.0829i   0.0419 - 0.0250i  -0.0179 + 0.0265i   0.1859 + 0.0000i  -0.0382 + 0.0155i
  -0.0623 + 0.0534i   0.0458 + 0.0007i  -0.0257 + 0.0023i   0.0322 - 0.0219i  -0.0328 + 0.0695i   0.0167 + 0.0235i  -0.0382 - 0.0155i   0.0818 + 0.0000i
  -0.0006 + 0.0319i   0.0144 - 0.0072i  -0.0076 - 0.0112i   0.0065 - 0.0678i   0.0206 + 0.0341i  -0.0073 + 0.0221i  -0.0098 - 0.0096i   0.0181 - 0.0037i
  -0.0660 - 0.0342i   0.0144 - 0.0159i   0.0155 - 0.0097i  -0.0305 - 0.0164i  -0.0013 - 0.0076i  -0.0723 + 0.0034i   0.0239 + 0.0533i  -0.0186 + 0.0287i
  -0.0060 - 0.0392i  -0.0442 - 0.0006i  -0.0006 - 0.0083i  -0.0211 + 0.0557i  -0.0012 - 0.0340i   0.0575 + 0.0105i   0.0262 - 0.0283i  -0.0223 + 0.0173i
   0.0079 - 0.0222i  -0.0026 + 0.0560i   0.0204 + 0.0141i   0.0290 - 0.0004i  -0.0325 - 0.0113i   0.0104 + 0.0133i  -0.0536 - 0.0234i   0.0051 + 0.0115i
   0.0174 + 0.0911i  -0.0540 - 0.0107i  -0.0053 + 0.0468i   0.0714 - 0.0171i   0.0428 + 0.0395i   0.0047 - 0.0140i  -0.0196 - 0.0532i   0.0179 - 0.0556i
   0.0526 + 0.0217i   0.0449 + 0.0245i  -0.0364 - 0.0011i   0.0000 + 0.0610i  -0.0656 - 0.0300i  -0.0315 - 0.0071i   0.0113 - 0.0180i   0.0369 + 0.0208i
   0.0266 - 0.0631i  -0.0293 + 0.0265i  -0.0053 + 0.0058i   0.0445 - 0.0352i  -0.0030 + 0.0016i   0.0289 - 0.0068i  -0.0381 - 0.0688i  -0.0136 + 0.0143i
  -0.0326 - 0.0384i   0.0402 - 0.0134i  -0.0236 - 0.0336i  -0.0012 + 0.0611i  -0.0323 - 0.0190i  -0.0148 - 0.1043i   0.0473 + 0.0485i  -0.0153 + 0.0291i
  -0.0594 + 0.0025i   0.0880 - 0.0108i  -0.0022 - 0.0106i   0.0063 - 0.0735i  -0.0016 + 0.0670i  -0.0251 - 0.0571i  -0.0523 + 0.0805i   0.0336 - 0.0143i
  -0.0701 + 0.0377i   0.0124 - 0.0086i  -0.0060 - 0.0114i   0.0039 + 0.0467i  -0.0304 + 0.0377i   0.0689 + 0.0433i   0.0059 - 0.0049i   0.0521 + 0.0036i
   0.0390 + 0.0176i  -0.0221 - 0.0132i  -0.0097 + 0.0030i  -0.0260 - 0.0078i   0.0192 - 0.0169i  -0.0128 + 0.0425i   0.0235 - 0.0267i  -0.0043 - 0.0015i
   0.0346 + 0.0710i  -0.0175 + 0.0174i  -0.0192 + 0.0275i   0.0370 + 0.0132i   0.0013 + 0.0074i   0.0129 - 0.0131i  -0.0235 - 0.0471i   0.0315 - 0.0257i
   0.0143 + 0.0259i  -0.0058 + 0.0465i  -0.0241 - 0.0104i   0.0407 + 0.0024i  -0.0303 - 0.0377i  -0.0687 - 0.0387i   0.0168 - 0.0490i   0.0017 + 0.0479i
   0.0007 + 0.0094i   0.0076 - 0.0198i   0.0386 - 0.0125i  -0.0211 + 0.0197i   0.0109 + 0.0186i   0.0634 + 0.0510i   0.0128 + 0.0466i  -0.0090 - 0.0312i
   0.0372 - 0.0029i  -0.0402 + 0.0533i  -0.0112 - 0.0215i  -0.0029 - 0.0132i   0.0117 - 0.0568i   0.0168 - 0.0279i  -0.0018 - 0.0578i  -0.0270 + 0.0378i
   0.0973 + 0.0183i  -0.0211 + 0.0645i  -0.0190 + 0.0012i  -0.0378 - 0.0081i  -0.0050 - 0.0871i  -0.0443 + 0.0113i  -0.0094 - 0.0574i  -0.0118 + 0.0344i

  Columns 17 through 24

  -0.0151 + 0.0060i  -0.0247 + 0.0158i   0.0290 + 0.0269i  -0.0201 + 0.0049i   0.0093 - 0.0067i  -0.0258 - 0.0461i   0.0158 + 0.0677i   0.0146 + 0.0178i
  -0.0057 - 0.0439i   0.0186 - 0.0957i  -0.0103 + 0.0481i  -0.0190 + 0.0050i  -0.0451 + 0.0216i   0.0849 + 0.0726i  -0.1156 + 0.0028i  -0.0221 + 0.0088i
   0.0240 - 0.0359i  -0.0307 - 0.0080i  -0.0141 + 0.0240i   0.0113 + 0.0073i  -0.0400 + 0.0303i   0.0900 - 0.0581i   0.0315 - 0.0082i  -0.0350 - 0.0266i
   0.0046 + 0.0064i  -0.0200 + 0.0342i  -0.0292 - 0.0156i   0.0099 - 0.0054i   0.0597 + 0.0179i  -0.0062 - 0.0729i   0.0161 - 0.0140i  -0.0186 - 0.0320i
   0.0070 - 0.0188i   0.0087 - 0.0679i   0.0484 + 0.0161i   0.0410 + 0.0010i   0.0026 - 0.0210i  -0.0981 + 0.0590i  -0.0055 - 0.0474i  -0.1235 + 0.0769i
   0.0216 + 0.0283i   0.0026 - 0.0224i  -0.0114 - 0.0361i   0.0228 + 0.0184i   0.0168 + 0.0057i   0.0164 + 0.0252i   0.0312 - 0.0068i  -0.0200 - 0.0534i
   0.0018 - 0.0340i  -0.0360 + 0.0358i  -0.0327 + 0.0380i   0.0009 + 0.0182i   0.0489 - 0.0670i   0.0299 - 0.0395i  -0.0014 + 0.0258i  -0.0447 + 0.0015i
  -0.0082 - 0.0509i   0.0568 - 0.0090i   0.0349 + 0.0048i   0.0104 + 0.0228i  -0.0633 - 0.0281i  -0.0334 + 0.1062i   0.0027 - 0.0928i  -0.0169 + 0.0413i
  -0.0006 - 0.0319i  -0.0660 + 0.0342i  -0.0060 + 0.0392i   0.0079 + 0.0222i   0.0174 - 0.0911i   0.0526 - 0.0217i   0.0266 + 0.0631i  -0.0326 + 0.0384i
   0.0144 + 0.0072i   0.0144 + 0.0159i  -0.0442 + 0.0006i  -0.0026 - 0.0560i  -0.0540 + 0.0107i   0.0449 - 0.0245i  -0.0293 - 0.0265i   0.0402 + 0.0134i
  -0.0076 + 0.0112i   0.0155 + 0.0097i  -0.0006 + 0.0083i   0.0204 - 0.0141i  -0.0053 - 0.0468i  -0.0364 + 0.0011i  -0.0053 - 0.0058i  -0.0236 + 0.0336i
   0.0065 + 0.0678i  -0.0305 + 0.0164i  -0.0211 - 0.0557i   0.0290 + 0.0004i   0.0714 + 0.0171i   0.0000 - 0.0610i   0.0445 + 0.0352i  -0.0012 - 0.0611i
   0.0206 - 0.0341i  -0.0013 + 0.0076i  -0.0012 + 0.0340i  -0.0325 + 0.0113i   0.0428 - 0.0395i  -0.0656 + 0.0300i  -0.0030 - 0.0016i  -0.0323 + 0.0190i
  -0.0073 - 0.0221i  -0.0723 - 0.0034i   0.0575 - 0.0105i   0.0104 - 0.0133i   0.0047 + 0.0140i  -0.0315 + 0.0071i   0.0289 + 0.0068i  -0.0148 + 0.1043i
  -0.0098 + 0.0096i   0.0239 - 0.0533i   0.0262 + 0.0283i  -0.0536 + 0.0234i  -0.0196 + 0.0532i   0.0113 + 0.0180i  -0.0381 + 0.0688i   0.0473 - 0.0485i
   0.0181 + 0.0037i  -0.0186 - 0.0287i  -0.0223 - 0.0173i   0.0051 - 0.0115i   0.0179 + 0.0556i   0.0369 - 0.0208i  -0.0136 - 0.0143i  -0.0153 - 0.0291i
   0.0714 - 0.0000i   0.0022 + 0.0023i  -0.0408 + 0.0240i  -0.0141 - 0.0034i   0.0124 - 0.0390i  -0.0234 - 0.0028i   0.0482 + 0.0017i  -0.0482 - 0.0402i
   0.0022 - 0.0023i   0.1139 - 0.0000i  -0.0116 + 0.0118i  -0.0124 + 0.0064i  -0.0221 - 0.0027i  -0.0832 + 0.0385i  -0.0226 - 0.0820i  -0.0070 - 0.0486i
  -0.0408 - 0.0240i  -0.0116 - 0.0118i   0.0698 + 0.0000i   0.0112 + 0.0129i  -0.0306 + 0.0225i  -0.0232 + 0.0181i   0.0042 - 0.0089i   0.0014 + 0.0661i
  -0.0141 + 0.0034i  -0.0124 - 0.0064i   0.0112 - 0.0129i   0.0324 + 0.0000i   0.0034 - 0.0157i   0.0013 + 0.0075i   0.0002 - 0.0097i  -0.0272 + 0.0300i
   0.0124 + 0.0390i  -0.0221 + 0.0027i  -0.0306 - 0.0225i   0.0034 + 0.0157i   0.1342 - 0.0000i  -0.0548 - 0.0443i   0.0052 + 0.0312i  -0.0486 - 0.0638i
  -0.0234 + 0.0028i  -0.0832 - 0.0385i  -0.0232 - 0.0181i   0.0013 - 0.0075i  -0.0548 + 0.0443i   0.2401 + 0.0000i  -0.0590 + 0.0878i   0.0880 - 0.0007i
   0.0482 - 0.0017i  -0.0226 + 0.0820i   0.0042 + 0.0089i   0.0002 + 0.0097i   0.0052 - 0.0312i  -0.0590 - 0.0878i   0.1477 + 0.0000i  -0.0242 - 0.0266i
  -0.0482 + 0.0402i  -0.0070 + 0.0486i   0.0014 - 0.0661i  -0.0272 - 0.0300i  -0.0486 + 0.0638i   0.0880 + 0.0007i  -0.0242 + 0.0266i   0.1904 + 0.0000i
   0.0285 + 0.0141i   0.0393 + 0.0627i  -0.0541 - 0.0227i  -0.0199 - 0.0376i   0.0020 + 0.0106i  -0.0284 - 0.0296i   0.0156 - 0.0593i   0.0510 - 0.0381i
  -0.0476 - 0.0004i  -0.0297 - 0.0771i   0.0463 - 0.0236i   0.0218 - 0.0104i  -0.0006 + 0.0756i   0.0264 + 0.0304i  -0.0777 + 0.0016i  -0.0059 + 0.0611i
   0.0305 - 0.0280i  -0.0055 - 0.0268i  -0.0057 + 0.0434i  -0.0069 + 0.0204i  -0.0106 - 0.0264i   0.0165 + 0.0081i   0.0128 + 0.0157i  -0.0557 - 0.0146i
  -0.0054 + 0.0117i  -0.0592 - 0.0230i  -0.0163 - 0.0243i   0.0107 + 0.0058i   0.0524 + 0.0133i   0.0681 - 0.0019i  -0.0252 + 0.0431i  -0.0031 - 0.0075i
   0.0355 + 0.0436i  -0.0054 - 0.0112i  -0.0533 - 0.0370i  -0.0094 + 0.0045i  -0.0021 - 0.0220i   0.0926 + 0.0572i   0.0045 + 0.0430i   0.0566 - 0.0704i
  -0.0429 + 0.0032i  -0.0309 - 0.0521i   0.0422 + 0.0122i   0.0206 - 0.0194i   0.0050 - 0.0007i  -0.0167 + 0.0169i  -0.0689 + 0.0357i  -0.0298 + 0.0966i
   0.0382 - 0.0087i  -0.0205 - 0.0010i   0.0048 - 0.0093i   0.0017 + 0.0087i  -0.0308 - 0.0647i   0.0146 + 0.0923i   0.0491 + 0.0043i   0.0018 + 0.0322i
   0.0426 - 0.0456i  -0.0282 - 0.0435i  -0.0234 + 0.0305i   0.0067 + 0.0255i  -0.0614 - 0.0784i   0.1240 + 0.1044i   0.0020 + 0.0168i  -0.0342 + 0.0145i

  Columns 25 through 32

  -0.0410 - 0.0157i  -0.0122 - 0.0351i   0.0043 - 0.0045i  -0.0139 - 0.0226i  -0.0369 + 0.0387i   0.0448 - 0.0508i  -0.0112 + 0.0633i  -0.0437 + 0.0129i
  -0.0288 - 0.0943i   0.0487 + 0.0494i   0.0399 + 0.0100i   0.0118 + 0.0427i   0.0002 - 0.0346i   0.0352 + 0.0639i  -0.0256 - 0.0274i   0.0726 - 0.0182i
   0.0023 + 0.0218i   0.0064 + 0.0512i   0.0341 - 0.0283i   0.0177 - 0.0028i   0.0109 - 0.1251i  -0.0457 + 0.0611i  -0.0026 - 0.0957i   0.0736 - 0.1225i
   0.0429 + 0.0175i   0.0025 - 0.0333i  -0.0171 - 0.0015i   0.0323 - 0.0246i  -0.0217 - 0.0367i  -0.0144 + 0.0306i  -0.0446 - 0.0198i  -0.0455 - 0.0308i
  -0.0489 + 0.0182i   0.0845 + 0.0573i   0.0081 - 0.0331i  -0.0168 + 0.0362i  -0.0785 + 0.0095i   0.0830 + 0.0468i   0.0024 + 0.0415i  -0.0270 + 0.0130i
  -0.0126 + 0.0414i  -0.0036 + 0.0184i   0.0067 + 0.0062i   0.0191 + 0.0240i   0.0711 - 0.0188i  -0.0543 + 0.0057i   0.0454 - 0.0198i   0.0505 + 0.0209i
  -0.0150 - 0.0367i  -0.0612 - 0.0349i   0.0281 - 0.0021i   0.0402 - 0.0654i  -0.0064 - 0.0415i  -0.0073 + 0.0348i  -0.0107 - 0.0070i   0.0554 - 0.0145i
  -0.0167 - 0.0108i  -0.0149 + 0.0853i   0.0142 - 0.0208i  -0.0378 + 0.0343i   0.0063 + 0.0116i  -0.0366 + 0.0324i   0.0557 - 0.0388i   0.0694 + 0.0110i
  -0.0594 - 0.0025i  -0.0701 - 0.0377i   0.0390 - 0.0176i   0.0346 - 0.0710i   0.0143 - 0.0259i   0.0007 - 0.0094i   0.0372 + 0.0029i   0.0973 - 0.0183i
   0.0880 + 0.0108i   0.0124 + 0.0086i  -0.0221 + 0.0132i  -0.0175 - 0.0174i  -0.0058 - 0.0465i   0.0076 + 0.0198i  -0.0402 - 0.0533i  -0.0211 - 0.0645i
  -0.0022 + 0.0106i  -0.0060 + 0.0114i  -0.0097 - 0.0030i  -0.0192 - 0.0275i  -0.0241 + 0.0104i   0.0386 + 0.0125i  -0.0112 + 0.0215i  -0.0190 - 0.0012i
   0.0063 + 0.0735i   0.0039 - 0.0467i  -0.0260 + 0.0078i   0.0370 - 0.0132i   0.0407 - 0.0024i  -0.0211 - 0.0197i  -0.0029 + 0.0132i  -0.0378 + 0.0081i
  -0.0016 - 0.0670i  -0.0304 - 0.0377i   0.0192 + 0.0169i   0.0013 - 0.0074i  -0.0303 + 0.0377i   0.0109 - 0.0186i   0.0117 + 0.0568i  -0.0050 + 0.0871i
  -0.0251 + 0.0571i   0.0689 - 0.0433i  -0.0128 - 0.0425i   0.0129 + 0.0131i  -0.0687 + 0.0387i   0.0634 - 0.0510i   0.0168 + 0.0279i  -0.0443 - 0.0113i
  -0.0523 - 0.0805i   0.0059 + 0.0049i   0.0235 + 0.0267i  -0.0235 + 0.0471i   0.0168 + 0.0490i   0.0128 - 0.0466i  -0.0018 + 0.0578i  -0.0094 + 0.0574i
   0.0336 + 0.0143i   0.0521 - 0.0036i  -0.0043 + 0.0015i   0.0315 + 0.0257i   0.0017 - 0.0479i  -0.0090 + 0.0312i  -0.0270 - 0.0378i  -0.0118 - 0.0344i
   0.0285 - 0.0141i  -0.0476 + 0.0004i   0.0305 + 0.0280i  -0.0054 - 0.0117i   0.0355 - 0.0436i  -0.0429 - 0.0032i   0.0382 + 0.0087i   0.0426 + 0.0456i
   0.0393 - 0.0627i  -0.0297 + 0.0771i  -0.0055 + 0.0268i  -0.0592 + 0.0230i  -0.0054 + 0.0112i  -0.0309 + 0.0521i  -0.0205 + 0.0010i  -0.0282 + 0.0435i
  -0.0541 + 0.0227i   0.0463 + 0.0236i  -0.0057 - 0.0434i  -0.0163 + 0.0243i  -0.0533 + 0.0370i   0.0422 - 0.0122i   0.0048 + 0.0093i  -0.0234 - 0.0305i
  -0.0199 + 0.0376i   0.0218 + 0.0104i  -0.0069 - 0.0204i   0.0107 - 0.0058i  -0.0094 - 0.0045i   0.0206 + 0.0194i   0.0017 - 0.0087i   0.0067 - 0.0255i
   0.0020 - 0.0106i  -0.0006 - 0.0756i  -0.0106 + 0.0264i   0.0524 - 0.0133i  -0.0021 + 0.0220i   0.0050 + 0.0007i  -0.0308 + 0.0647i  -0.0614 + 0.0784i
  -0.0284 + 0.0296i   0.0264 - 0.0304i   0.0165 - 0.0081i   0.0681 + 0.0019i   0.0926 - 0.0572i  -0.0167 - 0.0169i   0.0146 - 0.0923i   0.1240 - 0.1044i
   0.0156 + 0.0593i  -0.0777 - 0.0016i   0.0128 - 0.0157i  -0.0252 - 0.0431i   0.0045 - 0.0430i  -0.0689 - 0.0357i   0.0491 - 0.0043i   0.0020 - 0.0168i
   0.0510 + 0.0381i  -0.0059 - 0.0611i  -0.0557 + 0.0146i  -0.0031 + 0.0075i   0.0566 + 0.0704i  -0.0298 - 0.0966i   0.0018 - 0.0322i  -0.0342 - 0.0145i
   0.1219 + 0.0000i  -0.0371 - 0.0197i  -0.0343 + 0.0332i  -0.0192 - 0.0167i   0.0095 - 0.0126i  -0.0533 - 0.0021i  -0.0239 - 0.0320i  -0.0536 + 0.0102i
  -0.0371 + 0.0197i   0.1362 + 0.0000i  -0.0229 - 0.0312i   0.0274 + 0.0565i  -0.0597 + 0.0291i   0.0925 + 0.0176i  -0.0482 + 0.0045i  -0.0566 - 0.0411i
  -0.0343 - 0.0332i  -0.0229 + 0.0312i   0.0465 + 0.0000i   0.0011 - 0.0009i   0.0140 - 0.0471i  -0.0151 + 0.0243i   0.0259 - 0.0043i   0.0723 - 0.0004i
  -0.0192 + 0.0167i   0.0274 - 0.0565i   0.0011 + 0.0009i   0.0658 - 0.0000i   0.0287 - 0.0056i   0.0065 - 0.0054i  -0.0010 - 0.0049i   0.0266 + 0.0006i
   0.0095 + 0.0126i  -0.0597 - 0.0291i   0.0140 + 0.0471i   0.0287 + 0.0056i   0.1497 + 0.0000i  -0.0845 - 0.0495i   0.0786 - 0.0202i   0.1120 + 0.0657i
  -0.0533 + 0.0021i   0.0925 - 0.0176i  -0.0151 - 0.0243i   0.0065 + 0.0054i  -0.0845 + 0.0495i   0.1351 + 0.0000i  -0.0474 + 0.0593i  -0.0642 - 0.0131i
  -0.0239 + 0.0320i  -0.0482 - 0.0045i   0.0259 + 0.0043i  -0.0010 + 0.0049i   0.0786 + 0.0202i  -0.0474 - 0.0593i   0.1160 - 0.0000i   0.1131 + 0.0639i
  -0.0536 - 0.0102i  -0.0566 + 0.0411i   0.0723 + 0.0004i   0.0266 - 0.0006i   0.1120 - 0.0657i  -0.0642 + 0.0131i   0.1131 - 0.0639i   0.2288 + 0.0000i

a?RandomSuperoperator([4,8],1,0,0,5)
 a?RandomSuperoperator([4,8],1,0,0,5)
  ↑
{Error: Invalid use of operator.
} 
a
{Unrecognized function or variable 'a'.
} 
a=RandomSuperoperator([4,8],1,0,0,5)

a =

  Columns 1 through 8

   0.1670 + 0.0000i  -0.0440 + 0.0152i   0.0673 + 0.0085i  -0.0269 + 0.0694i  -0.0133 - 0.0850i  -0.0095 - 0.0509i   0.0230 + 0.0505i  -0.0079 + 0.0262i
  -0.0440 - 0.0152i   0.1233 + 0.0000i  -0.0376 - 0.0019i  -0.0408 - 0.0528i  -0.0482 + 0.0155i  -0.0065 - 0.0405i  -0.0305 - 0.0219i  -0.0155 + 0.0280i
   0.0673 - 0.0085i  -0.0376 + 0.0019i   0.1421 - 0.0000i   0.0161 + 0.0281i  -0.0377 - 0.0492i  -0.0259 - 0.0175i   0.0578 - 0.0030i   0.0200 + 0.0316i
  -0.0269 - 0.0694i  -0.0408 + 0.0528i   0.0161 - 0.0281i   0.1033 + 0.0000i  -0.0276 + 0.0183i  -0.0022 + 0.0610i   0.0461 - 0.0557i   0.0197 - 0.0335i
  -0.0133 + 0.0850i  -0.0482 - 0.0155i  -0.0377 + 0.0492i  -0.0276 - 0.0183i   0.0977 + 0.0000i   0.0558 + 0.0076i  -0.0582 + 0.0317i  -0.0373 - 0.0279i
  -0.0095 + 0.0509i  -0.0065 + 0.0405i  -0.0259 + 0.0175i  -0.0022 - 0.0610i   0.0558 - 0.0076i   0.0728 - 0.0000i  -0.0545 + 0.0049i  -0.0456 - 0.0214i
   0.0230 - 0.0505i  -0.0305 + 0.0219i   0.0578 + 0.0030i   0.0461 + 0.0557i  -0.0582 - 0.0317i  -0.0545 - 0.0049i   0.2240 + 0.0000i   0.0948 + 0.0178i
  -0.0079 - 0.0262i  -0.0155 - 0.0280i   0.0200 - 0.0316i   0.0197 + 0.0335i  -0.0373 + 0.0279i  -0.0456 + 0.0214i   0.0948 - 0.0178i   0.0698 + 0.0000i
  -0.0485 + 0.0049i   0.0939 - 0.0009i  -0.0538 + 0.0506i  -0.0410 - 0.0272i  -0.0201 - 0.0086i  -0.0056 - 0.0479i   0.0460 + 0.0311i   0.0023 + 0.0369i
  -0.0226 - 0.0358i  -0.0852 - 0.0545i  -0.0116 - 0.0190i   0.0587 + 0.0727i   0.0088 + 0.0576i  -0.0467 + 0.0823i   0.0045 - 0.0289i   0.0400 - 0.0427i
  -0.0044 + 0.0376i  -0.0241 + 0.0042i   0.0062 - 0.0055i  -0.0024 - 0.0134i   0.0361 + 0.0006i   0.0198 + 0.0170i  -0.0766 - 0.0567i  -0.0356 - 0.0375i
  -0.0318 - 0.0203i  -0.0210 - 0.0099i  -0.0384 - 0.0004i   0.0436 + 0.0498i  -0.0197 + 0.0233i  -0.0444 + 0.0470i   0.0691 - 0.0451i   0.0457 - 0.0298i
  -0.0265 - 0.0345i  -0.0177 - 0.0365i  -0.0451 + 0.0113i   0.0361 + 0.0175i   0.0132 + 0.0626i  -0.0114 + 0.0535i  -0.0479 - 0.0770i  -0.0024 - 0.0593i
  -0.0127 + 0.0815i   0.0327 - 0.0253i   0.0385 + 0.0054i  -0.0561 - 0.0288i   0.0093 - 0.0121i   0.0022 - 0.0241i  -0.0451 - 0.0393i  -0.0170 + 0.0066i
  -0.0655 - 0.0486i   0.0171 + 0.0085i  -0.0187 + 0.0474i   0.0493 - 0.0101i  -0.0095 + 0.0206i  -0.0072 + 0.0219i   0.0306 - 0.0333i  -0.0000 - 0.0136i
   0.0530 - 0.0630i  -0.0268 - 0.0934i   0.0527 - 0.0086i  -0.0108 + 0.0902i  -0.0371 + 0.0288i  -0.0833 + 0.0048i   0.0045 - 0.0280i   0.0379 + 0.0002i
  -0.0021 + 0.0442i   0.0106 + 0.0095i  -0.0263 - 0.0667i  -0.0518 - 0.0486i   0.0282 + 0.0201i   0.0315 - 0.0200i   0.0043 - 0.0334i   0.0164 - 0.0270i
   0.0662 + 0.0251i  -0.0161 - 0.0258i  -0.0572 - 0.0021i  -0.0131 + 0.0011i   0.0305 + 0.0380i   0.0369 + 0.0177i  -0.0552 - 0.0017i  -0.0060 - 0.0381i
  -0.0204 + 0.0442i  -0.0137 - 0.0181i  -0.0053 + 0.0270i  -0.0046 - 0.0484i   0.0510 + 0.0317i   0.0520 + 0.0131i  -0.0367 + 0.0042i  -0.0147 - 0.0191i
  -0.0314 + 0.0847i  -0.0250 - 0.0151i  -0.0422 + 0.0078i  -0.0260 - 0.0362i   0.0801 + 0.0207i   0.0522 + 0.0236i  -0.1233 - 0.0060i  -0.0514 - 0.0352i
  -0.0446 + 0.0843i   0.0455 - 0.0250i   0.0050 + 0.0551i  -0.0422 - 0.0532i   0.0235 - 0.0036i   0.0333 - 0.0217i  -0.0313 + 0.0540i  -0.0221 + 0.0394i
   0.0111 + 0.0773i   0.0040 - 0.0453i  -0.0156 - 0.0170i  -0.0673 - 0.0227i   0.0426 + 0.0252i   0.0214 - 0.0120i  -0.0546 - 0.0207i  -0.0035 - 0.0209i
   0.0014 + 0.0501i   0.0399 - 0.0515i  -0.0569 + 0.0415i  -0.0742 - 0.0305i   0.0482 + 0.0315i   0.0289 - 0.0330i  -0.0390 - 0.0145i  -0.0138 - 0.0224i
  -0.0169 - 0.0247i   0.0527 - 0.0237i  -0.0450 - 0.0173i  -0.0390 + 0.0092i  -0.0307 + 0.0183i  -0.0334 - 0.0301i   0.0674 + 0.0191i   0.0435 + 0.0209i
  -0.0393 - 0.0105i   0.0469 - 0.0639i  -0.0664 + 0.0644i  -0.0235 + 0.0006i   0.0056 + 0.0442i  -0.0054 - 0.0068i  -0.0014 + 0.0683i   0.0075 + 0.0261i
   0.0303 + 0.0314i  -0.0082 - 0.0208i   0.0056 + 0.0078i  -0.0358 + 0.0258i   0.0127 - 0.0203i  -0.0110 - 0.0173i  -0.0195 + 0.0108i  -0.0079 + 0.0053i
   0.0235 - 0.0861i  -0.0218 - 0.0146i   0.0523 + 0.0065i   0.0421 + 0.0777i  -0.0592 - 0.0210i  -0.0692 + 0.0065i   0.0506 + 0.0410i   0.0248 + 0.0410i
  -0.0426 + 0.0211i   0.0064 - 0.0584i   0.0117 + 0.0163i  -0.0424 + 0.0308i   0.0009 - 0.0042i  -0.0417 - 0.0179i   0.0148 + 0.0829i   0.0181 + 0.0548i
  -0.0917 + 0.0357i   0.0187 + 0.0270i  -0.0030 - 0.0281i   0.0338 - 0.0747i   0.0023 + 0.0389i   0.0310 + 0.0403i   0.0025 - 0.0627i   0.0095 - 0.0243i
  -0.0768 + 0.0464i  -0.0065 + 0.0404i  -0.0729 + 0.0072i   0.0481 - 0.0636i   0.0440 + 0.0357i   0.0646 + 0.0589i  -0.0482 - 0.0153i  -0.0258 - 0.0393i
  -0.0686 + 0.0179i   0.0035 - 0.0545i   0.0298 + 0.0678i  -0.0120 - 0.0364i   0.0421 + 0.0362i   0.0122 - 0.0008i  -0.0081 - 0.0304i  -0.0068 - 0.0128i
  -0.0508 + 0.0831i  -0.0050 + 0.0251i  -0.0826 + 0.0041i   0.0080 - 0.0459i   0.0573 + 0.0282i   0.0510 + 0.0437i  -0.0461 - 0.0845i  -0.0211 - 0.0734i

  Columns 9 through 16

  -0.0485 - 0.0049i  -0.0226 + 0.0358i  -0.0044 - 0.0376i  -0.0318 + 0.0203i  -0.0265 + 0.0345i  -0.0127 - 0.0815i  -0.0655 + 0.0486i   0.0530 + 0.0630i
   0.0939 + 0.0009i  -0.0852 + 0.0545i  -0.0241 - 0.0042i  -0.0210 + 0.0099i  -0.0177 + 0.0365i   0.0327 + 0.0253i   0.0171 - 0.0085i  -0.0268 + 0.0934i
  -0.0538 - 0.0506i  -0.0116 + 0.0190i   0.0062 + 0.0055i  -0.0384 + 0.0004i  -0.0451 - 0.0113i   0.0385 - 0.0054i  -0.0187 - 0.0474i   0.0527 + 0.0086i
  -0.0410 + 0.0272i   0.0587 - 0.0727i  -0.0024 + 0.0134i   0.0436 - 0.0498i   0.0361 - 0.0175i  -0.0561 + 0.0288i   0.0493 + 0.0101i  -0.0108 - 0.0902i
  -0.0201 + 0.0086i   0.0088 - 0.0576i   0.0361 - 0.0006i  -0.0197 - 0.0233i   0.0132 - 0.0626i   0.0093 + 0.0121i  -0.0095 - 0.0206i  -0.0371 - 0.0288i
  -0.0056 + 0.0479i  -0.0467 - 0.0823i   0.0198 - 0.0170i  -0.0444 - 0.0470i  -0.0114 - 0.0535i   0.0022 + 0.0241i  -0.0072 - 0.0219i  -0.0833 - 0.0048i
   0.0460 - 0.0311i   0.0045 + 0.0289i  -0.0766 + 0.0567i   0.0691 + 0.0451i  -0.0479 + 0.0770i  -0.0451 + 0.0393i   0.0306 + 0.0333i   0.0045 + 0.0280i
   0.0023 - 0.0369i   0.0400 + 0.0427i  -0.0356 + 0.0375i   0.0457 + 0.0298i  -0.0024 + 0.0593i  -0.0170 - 0.0066i  -0.0000 + 0.0136i   0.0379 - 0.0002i
   0.1341 + 0.0000i  -0.0816 + 0.0385i  -0.0543 + 0.0109i   0.0122 + 0.0289i  -0.0370 + 0.0339i   0.0037 + 0.0543i   0.0403 + 0.0099i  -0.0580 + 0.0948i
  -0.0816 - 0.0385i   0.1622 + 0.0000i   0.0227 + 0.0254i   0.0824 - 0.0097i   0.0934 - 0.0006i  -0.0453 - 0.0352i   0.0223 + 0.0260i   0.0957 - 0.1199i
  -0.0543 - 0.0109i   0.0227 - 0.0254i   0.0699 - 0.0000i  -0.0081 - 0.0308i   0.0282 - 0.0361i   0.0475 - 0.0052i  -0.0131 - 0.0351i   0.0095 - 0.0377i
   0.0122 - 0.0289i   0.0824 + 0.0097i  -0.0081 + 0.0308i   0.1105 - 0.0000i   0.0425 + 0.0507i  -0.0284 - 0.0023i   0.0345 + 0.0355i   0.0154 - 0.0347i
  -0.0370 - 0.0339i   0.0934 + 0.0006i   0.0282 + 0.0361i   0.0425 - 0.0507i   0.1225 + 0.0000i  -0.0389 + 0.0030i   0.0484 + 0.0253i   0.0809 - 0.0438i
   0.0037 - 0.0543i  -0.0453 + 0.0352i   0.0475 + 0.0052i  -0.0284 + 0.0023i  -0.0389 - 0.0030i   0.1117 + 0.0000i  -0.0359 - 0.0765i  -0.0071 + 0.0484i
   0.0403 - 0.0099i   0.0223 - 0.0260i  -0.0131 + 0.0351i   0.0345 - 0.0355i   0.0484 - 0.0253i  -0.0359 + 0.0765i   0.0920 + 0.0000i   0.0020 - 0.0266i
  -0.0580 - 0.0948i   0.0957 + 0.1199i   0.0095 + 0.0377i   0.0154 + 0.0347i   0.0809 + 0.0438i  -0.0071 - 0.0484i   0.0020 + 0.0266i   0.1971 - 0.0000i
   0.0058 + 0.0230i  -0.0555 + 0.0172i   0.0036 + 0.0251i  -0.0359 + 0.0405i  -0.0395 + 0.0435i   0.0321 - 0.0016i  -0.0635 - 0.0053i  -0.0363 + 0.0441i
  -0.0361 + 0.0066i   0.0166 - 0.0069i  -0.0113 - 0.0099i  -0.0152 - 0.0481i   0.0642 + 0.0368i  -0.0578 - 0.0670i  -0.0390 + 0.0567i   0.0226 + 0.0458i
  -0.0146 - 0.0022i  -0.0155 - 0.0462i   0.0024 + 0.0143i  -0.0497 - 0.0473i   0.0164 - 0.0446i  -0.0069 + 0.0269i   0.0040 - 0.0318i  -0.0208 + 0.0021i
  -0.0448 + 0.0124i   0.0177 - 0.0534i   0.0662 - 0.0201i  -0.0228 - 0.0356i   0.0221 - 0.0627i   0.0420 - 0.0149i  -0.0283 - 0.0399i  -0.0348 - 0.0469i
   0.0531 - 0.0163i  -0.0708 - 0.0169i  -0.0104 - 0.0185i  -0.0436 - 0.0197i  -0.0572 - 0.0411i   0.0536 + 0.0258i  -0.0034 - 0.0677i  -0.0747 + 0.0490i
  -0.0167 - 0.0296i  -0.0198 + 0.0354i   0.0277 + 0.0139i  -0.0355 + 0.0105i  -0.0011 + 0.0209i   0.0523 - 0.0299i  -0.0598 - 0.0234i   0.0138 + 0.0483i
   0.0451 - 0.0332i  -0.0439 + 0.0464i  -0.0044 + 0.0385i  -0.0375 - 0.0020i   0.0371 + 0.0254i   0.0080 + 0.0175i  -0.0040 + 0.0088i   0.0242 + 0.0982i
   0.0802 - 0.0039i  -0.0285 + 0.0769i  -0.0569 + 0.0245i   0.0229 + 0.0685i  -0.0207 + 0.0772i  -0.0169 + 0.0057i  -0.0007 + 0.0417i   0.0068 + 0.0673i
   0.0758 - 0.0158i  -0.0002 + 0.0315i  -0.0613 + 0.0083i   0.0032 - 0.0005i   0.0368 + 0.0062i  -0.0556 + 0.0180i   0.0470 + 0.0313i   0.0155 + 0.0460i
  -0.0098 - 0.0217i   0.0040 + 0.0323i   0.0212 - 0.0081i   0.0016 + 0.0220i  -0.0064 + 0.0097i   0.0315 - 0.0304i  -0.0288 - 0.0008i   0.0237 + 0.0174i
  -0.0167 - 0.0197i   0.0643 + 0.0365i  -0.0223 - 0.0133i   0.0375 + 0.0285i   0.0122 + 0.0001i  -0.0359 - 0.0189i   0.0335 + 0.0269i   0.0787 - 0.0484i
   0.0325 - 0.0280i   0.0138 + 0.0525i  -0.0118 - 0.0089i   0.0097 + 0.0720i  -0.0476 - 0.0146i   0.0387 - 0.0032i  -0.0058 - 0.0280i   0.0143 - 0.0178i
   0.0092 + 0.0086i  -0.0194 - 0.0621i   0.0116 + 0.0178i   0.0058 - 0.0434i  -0.0249 - 0.0202i   0.0371 + 0.0488i   0.0126 - 0.0652i  -0.0878 - 0.0296i
   0.0016 + 0.0550i   0.0093 - 0.1207i   0.0119 - 0.0197i   0.0242 - 0.0788i   0.0140 - 0.0488i  -0.0213 + 0.0236i   0.0214 - 0.0185i  -0.1224 - 0.0602i
   0.0147 - 0.0660i  -0.0016 + 0.0048i   0.0151 + 0.0679i  -0.0420 - 0.0260i   0.0391 - 0.0615i   0.0267 + 0.0951i   0.0645 - 0.0668i   0.0477 + 0.0009i
   0.0014 + 0.0094i   0.0110 - 0.0685i   0.0475 + 0.0146i   0.0486 - 0.0618i   0.0325 + 0.0024i   0.0247 + 0.0122i  -0.0020 - 0.0139i  -0.0854 - 0.0117i

  Columns 17 through 24

  -0.0021 - 0.0442i   0.0662 - 0.0251i  -0.0204 - 0.0442i  -0.0314 - 0.0847i  -0.0446 - 0.0843i   0.0111 - 0.0773i   0.0014 - 0.0501i  -0.0169 + 0.0247i
   0.0106 - 0.0095i  -0.0161 + 0.0258i  -0.0137 + 0.0181i  -0.0250 + 0.0151i   0.0455 + 0.0250i   0.0040 + 0.0453i   0.0399 + 0.0515i   0.0527 + 0.0237i
  -0.0263 + 0.0667i  -0.0572 + 0.0021i  -0.0053 - 0.0270i  -0.0422 - 0.0078i   0.0050 - 0.0551i  -0.0156 + 0.0170i  -0.0569 - 0.0415i  -0.0450 + 0.0173i
  -0.0518 + 0.0486i  -0.0131 - 0.0011i  -0.0046 + 0.0484i  -0.0260 + 0.0362i  -0.0422 + 0.0532i  -0.0673 + 0.0227i  -0.0742 + 0.0305i  -0.0390 - 0.0092i
   0.0282 - 0.0201i   0.0305 - 0.0380i   0.0510 - 0.0317i   0.0801 - 0.0207i   0.0235 + 0.0036i   0.0426 - 0.0252i   0.0482 - 0.0315i  -0.0307 - 0.0183i
   0.0315 + 0.0200i   0.0369 - 0.0177i   0.0520 - 0.0131i   0.0522 - 0.0236i   0.0333 + 0.0217i   0.0214 + 0.0120i   0.0289 + 0.0330i  -0.0334 + 0.0301i
   0.0043 + 0.0334i  -0.0552 + 0.0017i  -0.0367 - 0.0042i  -0.1233 + 0.0060i  -0.0313 - 0.0540i  -0.0546 + 0.0207i  -0.0390 + 0.0145i   0.0674 - 0.0191i
   0.0164 + 0.0270i  -0.0060 + 0.0381i  -0.0147 + 0.0191i  -0.0514 + 0.0352i  -0.0221 - 0.0394i  -0.0035 + 0.0209i  -0.0138 + 0.0224i   0.0435 - 0.0209i
   0.0058 - 0.0230i  -0.0361 - 0.0066i  -0.0146 + 0.0022i  -0.0448 - 0.0124i   0.0531 + 0.0163i  -0.0167 + 0.0296i   0.0451 + 0.0332i   0.0802 + 0.0039i
  -0.0555 - 0.0172i   0.0166 + 0.0069i  -0.0155 + 0.0462i   0.0177 + 0.0534i  -0.0708 + 0.0169i  -0.0198 - 0.0354i  -0.0439 - 0.0464i  -0.0285 - 0.0769i
   0.0036 - 0.0251i  -0.0113 + 0.0099i   0.0024 - 0.0143i   0.0662 + 0.0201i  -0.0104 + 0.0185i   0.0277 - 0.0139i  -0.0044 - 0.0385i  -0.0569 - 0.0245i
  -0.0359 - 0.0405i  -0.0152 + 0.0481i  -0.0497 + 0.0473i  -0.0228 + 0.0356i  -0.0436 + 0.0197i  -0.0355 - 0.0105i  -0.0375 + 0.0020i   0.0229 - 0.0685i
  -0.0395 - 0.0435i   0.0642 - 0.0368i   0.0164 + 0.0446i   0.0221 + 0.0627i  -0.0572 + 0.0411i  -0.0011 - 0.0209i   0.0371 - 0.0254i  -0.0207 - 0.0772i
   0.0321 + 0.0016i  -0.0578 + 0.0670i  -0.0069 - 0.0269i   0.0420 + 0.0149i   0.0536 - 0.0258i   0.0523 + 0.0299i   0.0080 - 0.0175i  -0.0169 - 0.0057i
  -0.0635 + 0.0053i  -0.0390 - 0.0567i   0.0040 + 0.0318i  -0.0283 + 0.0399i  -0.0034 + 0.0677i  -0.0598 + 0.0234i  -0.0040 - 0.0088i  -0.0007 - 0.0417i
  -0.0363 - 0.0441i   0.0226 - 0.0458i  -0.0208 - 0.0021i  -0.0348 + 0.0469i  -0.0747 - 0.0490i   0.0138 - 0.0483i   0.0242 - 0.0982i   0.0068 - 0.0673i
   0.1492 + 0.0000i   0.0382 + 0.0239i   0.0301 - 0.0517i   0.0232 + 0.0170i  -0.0013 - 0.0574i   0.0909 + 0.0170i   0.0761 + 0.0484i   0.0526 + 0.0281i
   0.0382 - 0.0239i   0.1985 + 0.0000i   0.0610 + 0.0319i   0.0248 - 0.0187i  -0.0276 - 0.0401i   0.0579 - 0.0306i   0.0932 + 0.0541i   0.0043 - 0.0027i
   0.0301 + 0.0517i   0.0610 - 0.0319i   0.0828 - 0.0000i   0.0353 + 0.0090i   0.0371 - 0.0055i   0.0364 + 0.0305i   0.0602 + 0.0282i  -0.0199 + 0.0074i
   0.0232 - 0.0170i   0.0248 + 0.0187i   0.0353 - 0.0090i   0.1099 + 0.0000i   0.0268 + 0.0244i   0.0529 - 0.0120i   0.0217 - 0.0131i  -0.0538 - 0.0086i
  -0.0013 + 0.0574i  -0.0276 + 0.0401i   0.0371 + 0.0055i   0.0268 - 0.0244i   0.1106 + 0.0000i   0.0162 + 0.0566i   0.0134 + 0.0362i  -0.0045 + 0.0311i
   0.0909 - 0.0170i   0.0579 + 0.0306i   0.0364 - 0.0305i   0.0529 + 0.0120i   0.0162 - 0.0566i   0.0961 - 0.0000i   0.0808 + 0.0062i   0.0149 - 0.0057i
   0.0761 - 0.0484i   0.0932 - 0.0541i   0.0602 - 0.0282i   0.0217 + 0.0131i   0.0134 - 0.0362i   0.0808 - 0.0062i   0.1521 + 0.0000i   0.0504 - 0.0289i
   0.0526 - 0.0281i   0.0043 + 0.0027i  -0.0199 - 0.0074i  -0.0538 + 0.0086i  -0.0045 - 0.0311i   0.0149 + 0.0057i   0.0504 + 0.0289i   0.1009 - 0.0000i
  -0.0296 - 0.0032i   0.0599 - 0.0486i   0.0377 + 0.0373i  -0.0249 - 0.0043i   0.0351 + 0.0125i  -0.0088 + 0.0083i   0.0730 + 0.0216i   0.0558 - 0.0149i
   0.0075 - 0.0422i  -0.0058 + 0.0117i  -0.0198 - 0.0235i   0.0193 - 0.0165i  -0.0044 - 0.0253i   0.0242 - 0.0316i   0.0068 - 0.0409i  -0.0021 - 0.0135i
  -0.1043 + 0.0003i  -0.0622 - 0.0247i  -0.0571 + 0.0214i  -0.0605 - 0.0074i  -0.0358 + 0.0141i  -0.0795 - 0.0281i  -0.0864 - 0.0598i  -0.0112 - 0.0129i
  -0.0176 + 0.0041i  -0.1000 + 0.0167i  -0.0321 - 0.0198i   0.0012 - 0.0098i   0.0439 - 0.0106i  -0.0054 - 0.0001i  -0.0340 - 0.0484i   0.0273 - 0.0008i
   0.0271 + 0.0813i  -0.0420 + 0.0797i   0.0241 + 0.0330i   0.0251 + 0.0489i   0.0520 + 0.0342i   0.0032 + 0.0870i  -0.0302 + 0.0827i  -0.0156 + 0.0135i
  -0.0106 + 0.0402i   0.0333 + 0.0546i   0.0368 + 0.0586i   0.0607 + 0.0039i   0.0407 + 0.0713i  -0.0143 + 0.0404i  -0.0232 + 0.0877i  -0.0380 + 0.0099i
  -0.0006 + 0.0375i  -0.0402 - 0.0956i   0.0688 - 0.0256i   0.0122 + 0.0615i   0.0365 + 0.0125i   0.0185 + 0.0418i   0.0718 - 0.0534i  -0.0103 - 0.0478i
   0.0402 - 0.0371i   0.0407 + 0.0715i   0.0136 + 0.0266i   0.0766 + 0.0261i   0.0070 + 0.0351i   0.0372 + 0.0122i   0.0257 + 0.0500i  -0.0182 - 0.0413i

  Columns 25 through 32

  -0.0393 + 0.0105i   0.0303 - 0.0314i   0.0235 + 0.0861i  -0.0426 - 0.0211i  -0.0917 - 0.0357i  -0.0768 - 0.0464i  -0.0686 - 0.0179i  -0.0508 - 0.0831i
   0.0469 + 0.0639i  -0.0082 + 0.0208i  -0.0218 + 0.0146i   0.0064 + 0.0584i   0.0187 - 0.0270i  -0.0065 - 0.0404i   0.0035 + 0.0545i  -0.0050 - 0.0251i
